3
6
7
9
12
14
15
17
19
22
23
24
27
28
31
31
33
35
38
39
40
43
44
46
47
48
51
51
54
55
56
57
60
60
63
63
63
66
67
70
71
72
75
76
78
79
79
81
83
84
87
88
88
89
92
92
94
95
96
97
99
99
102
103
103
104
106
108
108
110
111
112
112
114
115
115
118
119
120
120
121
122
124
124
124
126
127
127
128
130
131
134
135
135
136
137
140
140
142
143
143
144
146
147
148
150
151
152
152
153
155
156
156
158
159
159
159
159
161
163
163
164
166
167
167
168
169
170
172
172
172
174
175
175
176
176
177
179
179
179
180
182
183
183
184
184
184
185
185
187
187
188
188
188
188
190
190
191
191
192
192
193
193
195
195
195
196
198
198
199
199
199
199
199
199
200
200
201
201
201
202
203
203
204
204
204
204
204
204
204
204
204
204
204
202
201
200
199
199
199
198
198
196
196
195
195
195
194
193
193
193
192
192
192
192
192
192
192
192
192
192
192
192
191
190
188
188
188
188
187
185
185
184
184
184
184
184
184
183
183
182
182
182
180
180
180
179
179
179
179
179
178
177
177
177
177
177
176
176
176
176
176
176
176
176
176
176
176
176
176
176
176
176
176
176
176
176
175
175
175
174
174
174
172
172
172
172
172
172
172
172
172
172
171
171
171
170
169
169
169
169
169
169
169
168
168
168
168
168
168
168
168
168
168
168
168
168
168
167
167
167
167
167
167
167
167
167
167
167
167
167
167
167
167
167
167
167
167
